[Staple]
image = objects/staple.jpg
polygon = [(0, 0), (0, 2.5), (1.5, 2.5),
           (1.5, 1.9), (3.6, 1.6), (3.9, 1.9)
           (4.2, 2.0), (4.5, 1.9), (4.7, 1.6),
           (4.8, 1.25), (4.7, 0.9), (4.5, 0.6),
           (4.2, 0.5), (3.9, 0.6), (3.6, 0.9),
           (1.5, 0.6), (1.5, 0)]

[Card]
image = objects/card.jpg
polygon = [(0, 0), (0, 8.3),  (6.2, 8.3), (6.2, 0)]

[Car]
image = objects/car.jpg
polygon = [(0, 0.9), (0.2, 1.1), (0.5, 1.3),
           (5.8, 1.3), (6.2, 1.1), (6.5, 0.8),
           (6.7, 0.4), (6.8, 0), (6.7, -0.4),
           (6.5, -0.8), (6.2, -1.1), (5.8, -1.3),
           (0.5, -1.3), (0.2, -1.1), (0, -0.9)]

[Torus]
image = objects/torus.jpg
polygon = [(8.5,4.25), (8.2920,5.5633), (7.6883,6.7481),
           (6.7481,7.6883), (5.5633,8.2920), (4.25,8.5),
           (2.9367,8.2920), (1.7519,7.6883), (0.8117,6.7481),
           (0.2080,5.5633), (0.0,4.25), (0.2080,2.9367)
           (0.8117,1.7519), (1.7519,0.8117), (2.9367,0.2080)
           (4.25,0.0), (5.5633,0.2080), (6.7481,0.8117)
           (7.6883,1.7519), (8.2920,2.9367)]

[Shell]
image = objects/shell.jpg
polygon = [(0.4, 0), (0.2, 0.3), (0.1, 0.8),
           (0, 1.3), (0, 2.4), (0.4, 2.9),
           (0.9, 3.2), (1.6, 3.3), (2.1, 3.2),
           (2.3, 3.4), (2.5, 3.5), (2.7, 3.6),
           (2.9, 3.5), (3.1, 3.7), (3.3, 3.8),
           (3.8, 3.8), (3.8, 3.2), (3.9, 3.0),
           (3.9, 2.8), (3.8, 2.6), (4.0, 2.1),
           (4.1, 1.7), (3.9, 1.0), (3.4, 0.4),
           (2.8, 0)]

[Threads]
image = objects/threads.jpg
polygon = [(0, 0.2), (0, 1.6), (0.7, 1.6),
           (0.7, 1.8), (5.1, 1.8), (5.1, 1.6),
           (5.8, 1.6), (5.8, 0.2), (5.1, 0.2),
           (5.1, 0), (0.7, 0), (0.7, 0.2)]

[Charger]
image = objects/charger.jpg
polygon = [(0, 1.8), (3.2, 1.8), (3.2, 1.7),
           (5, 1.7), (5, 1.1), (6.8, 1.1),
           (6.9, 1.0), (6.8, 0.9), (5, 0.9),
           (5, -0.9), (6.8, -0.9), (6.9, -1.0),
           (6.8, -1.1), (5, -1.1), (5, -1.7),
           (3.2, -1.7), (3.2, -1.8), (0, -1.8)]

[Puzzle]
image = objects/puzzle.jpg
polygon = [(0, 1.1), (1, 1.4), (1.2, 1.3),
           (1.1, 1), (1, 0.9), (1.2, 0.7),
           (1.4, 0.6), (1.6, 0.7), (1.8, 0.9),
           (1.7, 1), (1.6, 1.3), (1.8, 1.4),
           (2.8, 1.1), (2.8, 0.3), (3.0, 0.4),
           (3.3, 0.5), (3.6, 0.3), (3.7, 0),
           (3.6, -0.3), (3.3, -0.5), (3.0, -.4),
           (2.8, -0.3), (2.8, -1.1), (1.8, -1.4),
           (1.6, -1.3), (1.7, -1), (1.8, -0.9),
           (1.6, -0.7), (1.4, -0.6), (1.2, -0.7),
           (1, -0.9), (1.1, -1), (1.2, -1.3),
           (1, -1.4), (0, -1.1)]

[Stand]
image = objects/stand.jpg
polygon = [(0.2, 0.2), (0.7, 2.7), (0, 2.7),
           (0, 3.3), (0.9, 3.3), (3.0, 11.6),
           (4.5, 11.6), (4.7, 11.2), (5.7, 12),
           (5.9, 11.8), (5.7, 11.4), (5.1, 11.2),
           (5.1, 10.9), (5.4, 10.9), (5.5, 10.6),
           (5.2, 10.3), (5.8, 10.1), (6.0, 9.7),
           (5.8, 9.5), (5.0, 10.2), (6.6, 3.3),
           (7.5, 3.3), (7.5, 2.7), (6.8, 2.7),
           (7.3, 0.2), (6.6, 0), (5.9, 2.7),
           (4.1, 2.7), (4.1, 0.3), (3.4, 0.3)
           (3.4, 2.7), (1.6, 2.7), (0.9, 0)]

[Marker]
image = objects/marker.jpg
polygon = [(0, 0), (0, 11.7), (2.3, 11.7), (2.3, 0)]